   12   25.0   680.423    93.528    54.991   -92.532     0.000  2600.000  7259.571   1500.000  2600.000  7458.383    750.000  1300.000  3444.279   -750.000  1300.000  3609.521   2250.000  1300.000  4020.485      0.000     0.000  -185.056   1500.000     0.000    14.693    750.000 -1300.000 -3623.926   -750.000 -1300.000 -3494.066   2250.000 -1300.000 -3067.196      0.000 -2600.000 -6944.979   1500.000 -2600.000 -6660.279 
   12   25.0  -716.577   980.386    57.352   -59.153 -2250.000  3900.000 10147.780      0.000  2600.000  3708.583  -1500.000  2600.000  5564.507  -3000.000  2600.000  8073.775    750.000  1300.000  -571.777   -750.000  1300.000  1149.319  -2250.000  1300.000  3532.291      0.000     0.000 -2991.941   1500.000     0.000 -4620.459  -1500.000     0.000  -649.054    750.000 -1300.000 -6937.286   -750.000 -1300.000 -4794.060 
   12   25.0  -712.519 -1011.394    59.524    53.370   750.000  1300.000 -7295.762   -750.000  1300.000 -4667.361      0.000     0.000 -3224.992   1500.000     0.000 -5466.033  -1500.000     0.000  -583.912    750.000 -1300.000 -1273.995   -750.000 -1300.000   968.248  -2250.000 -1300.000  3696.050      0.000 -2600.000  3163.492  -1500.000 -2600.000  5374.933  -3000.000 -2600.000  8144.775  -2250.000 -3900.000 10036.253 
   12   25.0   430.510   692.297    59.575  -108.080   750.000  3900.000  9812.779      0.000  2600.000  5281.649   1500.000  2600.000  6575.874    750.000  1300.000  2184.900   -750.000  1300.000  1089.475   2250.000  1300.000  3903.511      0.000     0.000 -2045.249   1500.000     0.000  -522.362  -1500.000     0.000 -2880.639    750.000 -1300.000 -4751.413   -750.000 -1300.000 -6072.889      0.000 -2600.000 -8738.590 
   12   25.0   -73.248  -285.678    59.680    62.283  1500.000  2600.000 -9396.986    750.000  1300.000 -5477.566   -750.000  1300.000 -3255.650   2250.000  1300.000 -7052.404      0.000     0.000 -1269.887   1500.000     0.000 -3116.160  -1500.000     0.000  1061.555    750.000 -1300.000  1186.508   -750.000 -1300.000  3033.651  -2250.000 -1300.000  5523.105      0.000 -2600.000  5596.205  -1500.000 -2600.000  7577.829 
   12   25.0   -84.131   -31.899    58.712    -3.050   750.000  1300.000 -2130.461   -750.000  1300.000  2070.400  -2250.000  1300.000  6466.524      0.000     0.000  -591.664   1500.000     0.000 -4708.225  -1500.000     0.000  3736.132   3000.000     0.000 -8673.305  -3000.000     0.000  8303.139    750.000 -1300.000 -2692.315   -750.000 -1300.000  1625.552   2250.000 -1300.000 -6709.307  -2250.000 -1300.000  6060.222 
   12   25.0   967.577   424.585    59.035    37.700  1500.000  2600.000 -4618.793   3000.000  2600.000 -8095.111    750.000  1300.000  -953.145   -750.000  1300.000  2832.850   2250.000  1300.000 -4426.390   3750.000  1300.000 -7397.389      0.000     0.000  2892.297   1500.000     0.000  -491.034  -1500.000     0.000  6701.825   3000.000     0.000 -3448.068    750.000 -1300.000  3724.173   -750.000 -1300.000  7072.082 
   12   25.0  1025.704  -717.969    56.505    73.339  1500.000  2600.000 -8353.373    750.000  1300.000 -4630.426   2250.000  1300.000 -5741.742      0.000     0.000  -588.715   1500.000     0.000 -1931.874   3000.000     0.000 -2581.568    750.000 -1300.000  2051.291   -750.000 -1300.000  3678.553   2250.000 -1300.000  1163.526      0.000 -2600.000  6402.073   1500.000 -2600.000  5324.309    750.000 -3900.000  9595.469 
   12   25.0   282.410  -348.384    57.378    93.237     0.000  2600.000 -7830.695    750.000  1300.000 -4361.273   -750.000  1300.000 -4433.574      0.000     0.000  -936.214   1500.000     0.000  -536.088  -1500.000     0.000  -674.550    750.000 -1300.000  2809.569   -750.000 -1300.000  2784.695   2250.000 -1300.000  3636.528      0.000 -2600.000  6586.059   1500.000 -2600.000  6954.822    750.000 -3900.000 10689.835 
   12   25.0   468.819   667.033    54.339   153.304     0.000  2600.000 -2981.141  -1500.000  2600.000 -6569.981    750.000  1300.000    26.067   -750.000  1300.000 -3636.706   2250.000  1300.000  4028.855  -2250.000  1300.000 -6828.900      0.000     0.000  -176.524   1500.000     0.000  3412.003  -1500.000     0.000 -3481.493   3000.000     0.000  7377.799    750.000 -1300.000  3630.891   2250.000 -1300.000  7230.026 
   12   25.0  -823.816  -581.811    56.593    19.590   750.000  1300.000 -5339.545   -750.000  1300.000 -1400.493      0.000     0.000 -2638.126   1500.000     0.000 -6300.486  -1500.000     0.000  1348.935  -3000.000     0.000  5627.423    750.000 -1300.000 -3140.759   -750.000 -1300.000   579.564  -2250.000 -1300.000  4518.676  -3750.000 -1300.000  8815.272  -1500.000 -2600.000  4165.761  -3000.000 -2600.000  8148.629 
   12   25.0   280.574  -454.453    59.486   101.847     0.000  2600.000 -8467.795    750.000  1300.000 -4570.937   -750.000  1300.000 -5393.242      0.000     0.000 -1545.750   1500.000     0.000  -401.327  -1500.000     0.000 -1956.234    750.000 -1300.000  2583.183   -750.000 -1300.000  1930.763   2250.000 -1300.000  3961.811      0.000 -2600.000  6015.157   1500.000 -2600.000  6925.002    750.000 -3900.000 10370.464 
   12   25.0    35.264   -51.113    57.080    55.689  1500.000  2600.000 -7916.087    750.000  1300.000 -4091.946   -750.000  1300.000 -1388.758   2250.000  1300.000 -6190.301      0.000     0.000     5.373   1500.000     0.000 -2165.965  -1500.000     0.000  2779.089    750.000 -1300.000  2097.375   -750.000 -1300.000  4293.764  -2250.000 -1300.000  7137.440      0.000 -2600.000  6477.056  -1500.000 -2600.000  8791.822 
   12   25.0    22.602  -126.639    59.796   106.793     0.000  2600.000 -7725.735  -1500.000  2600.000 -8842.904    750.000  1300.000 -3660.515   -750.000  1300.000 -5021.548      0.000     0.000  -937.391   1500.000     0.000   669.231  -1500.000     0.000 -1877.746    750.000 -1300.000  3320.998   -750.000 -1300.000  2202.076      0.000 -2600.000  6433.170   1500.000 -2600.000  7830.349    750.000 -3900.000 11019.480 
   12   25.0 -1449.536    48.791    57.247   -52.275 -1500.000  2600.000  6480.050  -3000.000  2600.000  8964.111   -750.000  1300.000  1995.174  -2250.000  1300.000  4422.183  -3750.000  1300.000  7466.518      0.000     0.000 -2196.081  -1500.000     0.000   201.245  -3000.000     0.000  3142.917    750.000 -1300.000 -6224.667   -750.000 -1300.000 -3833.696  -2250.000 -1300.000  -952.587      0.000 -2600.000 -7702.285 
   12   25.0   938.260  -514.923    56.956   -32.581   750.000  1300.000  3695.898   -750.000  1300.000  7140.655      0.000     0.000  3108.058   1500.000     0.000  -393.289  -1500.000     0.000  6985.195   3000.000     0.000 -3515.900    750.000 -1300.000  -589.050   -750.000 -1300.000  3381.576   2250.000 -1300.000 -4074.812   3750.000 -1300.000 -7199.492   1500.000 -2600.000 -3935.999   3000.000 -2600.000 -7449.315 
   12   25.0   773.470   -93.079    57.401   -89.492     0.000  2600.000  8017.248   1500.000  2600.000  7974.519    750.000  1300.000  3937.801   -750.000  1300.000  4410.536   2250.000  1300.000  4323.469      0.000     0.000   365.933   1500.000     0.000   293.521    750.000 -1300.000 -3371.240   -750.000 -1300.000 -2924.640   2250.000 -1300.000 -3006.310      0.000 -2600.000 -6654.325   1500.000 -2600.000 -6689.347 
   12   25.0   701.233 -1153.525    56.528   125.195   750.000  1300.000 -4511.271   -750.000  1300.000 -6989.150      0.000     0.000 -3159.305   1500.000     0.000  -545.075  -1500.000     0.000 -5123.639    750.000 -1300.000   914.524   -750.000 -1300.000 -1154.532   2250.000 -1300.000  3594.349      0.000 -2600.000  3111.148   1500.000 -2600.000  5251.834   3000.000 -2600.000  8023.343   2250.000 -3900.000  9835.017 
   12   25.0   762.517  1168.167    55.135   164.484     0.000  2600.000 -3068.002   1500.000  2600.000  1005.125  -1500.000  2600.000 -6856.764    750.000  1300.000  -522.388   -750.000  1300.000 -4342.882   2250.000  1300.000  3569.986  -2250.000  1300.000 -7889.584   3750.000  1300.000  7941.035      0.000     0.000 -1370.143   1500.000     0.000  2569.643  -1500.000     0.000 -4879.295   3000.000     0.000  6667.360 
   12   25.0  -111.276   584.145    58.810   -27.711     0.000  2600.000  3102.937  -1500.000  2600.000  6704.500  -3000.000  2600.000 10680.673    750.000  1300.000  -980.016   -750.000  1300.000  2732.073  -2250.000  1300.000  6657.006      0.000     0.000  -921.493   1500.000     0.000 -4627.949  -1500.000     0.000  3089.809   3000.000     0.000 -8008.228    750.000 -1300.000 -4206.899   2250.000 -1300.000 -7914.879 
   12   25.0  -377.746   203.634    58.142    -4.361   750.000  1300.000 -3037.311   -750.000  1300.000  1095.405   2250.000  1300.000 -6972.570  -2250.000  1300.000  5407.487  -3750.000  1300.000  9957.812      0.000     0.000 -1452.093   1500.000     0.000 -5527.841  -1500.000     0.000  2809.501   3000.000     0.000 -9450.003  -3000.000     0.000  7265.271    750.000 -1300.000 -3440.058   -750.000 -1300.000   794.795 
   12   25.0   262.833   -95.223    57.104    46.073  1500.000  2600.000 -6824.980    750.000  1300.000 -3162.363   -750.000  1300.000   189.746   2250.000  1300.000 -5969.404      0.000     0.000   775.457   1500.000     0.000 -2049.307  -1500.000     0.000  4185.187    750.000 -1300.000  2120.936   -750.000 -1300.000  4991.027  -2250.000 -1300.000  8378.065      0.000 -2600.000  6524.540  -1500.000 -2600.000  9460.829 
   12   25.0   279.926   302.832    58.226    58.371     0.000  2600.000 -4093.512   1500.000  2600.000 -6587.736    750.000  1300.000 -2576.456   -750.000  1300.000    10.597   2250.000  1300.000 -4563.571      0.000     0.000  1648.859   1500.000     0.000  -397.257  -1500.000     0.000  4306.413    750.000 -1300.000  3909.868   -750.000 -1300.000  6049.459      0.000 -2600.000  8457.694  -1500.000 -2600.000 10690.848 
   12   25.0   -85.280    20.581    56.578  -112.723     0.000  2600.000  6902.663   1500.000  2600.000  8622.829    750.000  1300.000  4128.862   -750.000  1300.000  2558.193      0.000     0.000   -99.066   1500.000     0.000  1957.614  -1500.000     0.000 -1526.092    750.000 -1300.000 -2267.878   -750.000 -1300.000 -4131.300  -2250.000 -1300.000 -5429.130      0.000 -2600.000 -6209.207  -1500.000 -2600.000 -7933.172 
   12   25.0  -918.015   184.925    56.680   -76.308     0.000  2600.000  6380.413  -1500.000  2600.000  7062.355    750.000  1300.000  2394.131   -750.000  1300.000  2908.873  -2250.000  1300.000  4088.128      0.000     0.000 -1137.672  -1500.000     0.000  -201.379    750.000 -1300.000 -4775.102   -750.000 -1300.000 -4169.493  -2250.000 -1300.000 -2745.406      0.000 -2600.000 -7812.729  -1500.000 -2600.000 -6687.686 
   12   25.0   606.468   156.501    54.647    91.099     0.000  2600.000 -6243.044   1500.000  2600.000 -6157.970    750.000  1300.000 -3069.658   -750.000  1300.000 -2822.322   2250.000  1300.000 -2546.820      0.000     0.000   415.684   1500.000     0.000   548.038    750.000 -1300.000  4017.964   -750.000 -1300.000  4301.839   2250.000 -1300.000  4547.986      0.000 -2600.000  7893.186   1500.000 -2600.000  8034.526 
   12   25.0  -905.674    30.057    59.009   -14.683   750.000  1300.000 -3172.272   -750.000  1300.000   725.676  -2250.000  1300.000  4868.899  -3750.000  1300.000  9263.435      0.000     0.000 -2442.727   1500.000     0.000 -6393.695  -1500.000     0.000  1621.703  -3000.000     0.000  6054.435    750.000 -1300.000 -5243.873   -750.000 -1300.000 -1093.360   2250.000 -1300.000 -9108.698  -2250.000 -1300.000  3321.262 
   12   25.0   935.070  -122.248    54.170    87.006     0.000  2600.000 -6572.181   1500.000  2600.000 -6946.639    750.000  1300.000 -3660.346   -750.000  1300.000 -2971.356   2250.000  1300.000 -3559.380      0.000     0.000     2.121   1500.000     0.000  -289.130    750.000 -1300.000  3315.467   -750.000 -1300.000  3976.656   2250.000 -1300.000  3450.788      0.000 -2600.000  7310.350   1500.000 -2600.000  7063.830 
   12   25.0  -679.912   138.201    57.896    81.940     0.000  2600.000 -6832.731  -1500.000  2600.000 -6028.102    750.000  1300.000 -3464.598   -750.000  1300.000 -3143.082  -2250.000  1300.000 -2061.995      0.000     0.000   234.152  -1500.000     0.000   800.248    750.000 -1300.000  3971.476   -750.000 -1300.000  4212.217  -2250.000 -1300.000  5098.216      0.000 -2600.000  7890.417  -1500.000 -2600.000  8390.098 
   12   25.0   180.880   149.431    58.797   172.903   750.000  1300.000  1355.278   -750.000  1300.000 -2876.148   2250.000  1300.000  5838.172  -2250.000  1300.000 -6968.063      0.000     0.000  -449.286   1500.000     0.000  3843.691  -1500.000     0.000 -4534.656   3000.000     0.000  8341.332  -3000.000     0.000 -8415.896    750.000 -1300.000  2511.424   -750.000 -1300.000 -1633.338   2250.000 -1300.000  6854.232 
   12   25.0   647.631  1012.036    59.386    54.066  2250.000  3900.000 -9298.465      0.000  2600.000 -2563.823   1500.000  2600.000 -5360.040   3000.000  2600.000 -7608.962    750.000  1300.000 -1215.909   -750.000  1300.000  1638.964   2250.000  1300.000 -3562.747      0.000     0.000  3032.148   1500.000     0.000   681.639  -1500.000     0.000  5964.715    750.000 -1300.000  5166.207   -750.000 -1300.000  7576.821 
   12   25.0   131.364   -29.798    58.865    77.837     0.000  2600.000 -7180.432   1500.000  2600.000 -8017.048    750.000  1300.000 -4313.637   -750.000  1300.000 -3182.502   2250.000  1300.000 -4762.404      0.000     0.000  -319.408   1500.000     0.000 -1033.247  -1500.000     0.000  1066.264    750.000 -1300.000  2968.353   -750.000 -1300.000  3988.951      0.000 -2600.000  7181.390  -1500.000 -2600.000  8383.426 
   12   25.0   -10.327  1074.137    59.697  -101.973   750.000  3900.000  8783.188   -750.000  3900.000  8130.980      0.000  2600.000  4366.695   1500.000  2600.000  5612.314  -1500.000  2600.000  3996.940    750.000  1300.000  1225.594   -750.000  1300.000   336.768      0.000     0.000 -2983.793   1500.000     0.000 -1646.330  -1500.000     0.000 -3576.099    750.000 -1300.000 -5744.780   -750.000 -1300.000 -6862.885 
   12   25.0 -1434.555   -65.567    59.016   118.676 -1500.000  2600.000 -6754.516  -3000.000  2600.000 -8750.507   -750.000  1300.000 -2639.445  -2250.000  1300.000 -4870.048      0.000     0.000  1584.792  -1500.000     0.000  -659.891  -3000.000     0.000 -2435.741    750.000 -1300.000  6053.444   -750.000 -1300.000  3651.281  -2250.000 -1300.000  1879.505      0.000 -2600.000  8153.152  -1500.000 -2600.000  6289.070 
   12   25.0  -299.326   508.364    55.494    26.546     0.000  2600.000 -2689.401   1500.000  2600.000 -6441.852    750.000  1300.000 -3434.307   -750.000  1300.000   299.281   2250.000  1300.000 -6851.594  -2250.000  1300.000  4339.295      0.000     0.000    11.848   1500.000     0.000 -3391.661  -1500.000     0.000  3719.761  -3000.000     0.000  7756.682   -750.000 -1300.000  3795.831  -2250.000 -1300.000  7522.633 
   12   25.0  -180.921   377.672    49.319    28.109     0.000  2600.000 -2365.701   1500.000  2600.000 -5763.634    750.000  1300.000 -3022.969   -750.000  1300.000   355.732   2250.000  1300.000 -5977.733  -2250.000  1300.000  4148.569      0.000     0.000   130.632   1500.000     0.000 -2925.276  -1500.000     0.000  3558.561  -3000.000     0.000  7342.619   -750.000 -1300.000  3665.494  -2250.000 -1300.000  7204.853 
   12   25.0  -730.381 -1059.044    59.851  -110.062     0.000  2600.000 10724.020    750.000  1300.000  7710.895   -750.000  1300.000  6117.024      0.000     0.000  3144.843  -1500.000     0.000  1770.542    750.000 -1300.000   725.656   -750.000 -1300.000 -1164.329  -2250.000 -1300.000 -2379.248      0.000 -2600.000 -3589.248  -1500.000 -2600.000 -5308.906   -750.000 -3900.000 -7695.357  -2250.000 -3900.000 -9218.627 
   12   25.0   167.685    -5.713    58.740     5.355   750.000  1300.000 -1083.161   -750.000  1300.000  3231.436   2250.000  1300.000 -5241.462      0.000     0.000  1142.228   1500.000     0.000 -3072.756  -1500.000     0.000  5503.769   3000.000     0.000 -7099.546  -3000.000     0.000 10147.759    750.000 -1300.000  -352.176   -750.000 -1300.000  3910.872   2250.000 -1300.000 -4421.524  -2250.000 -1300.000  8410.375 
   12   25.0   787.512 -1191.113    59.791    48.470   750.000  1300.000 -4250.389   2250.000  1300.000 -7365.157      0.000     0.000  -327.422   1500.000     0.000 -3403.274   3000.000     0.000 -5911.468    750.000 -1300.000   762.825   -750.000 -1300.000  3870.365   2250.000 -1300.000 -1840.982      0.000 -2600.000  5121.587   1500.000 -2600.000  2552.428  -1500.000 -2600.000  8227.689   -750.000 -3900.000  9760.230 
   12   25.0   -16.918  1102.079    59.726    28.151     0.000  2600.000 -2052.011   1500.000  2600.000 -5916.875   3000.000  2600.000 -9468.626    750.000  1300.000 -2445.192   -750.000  1300.000  1369.917   2250.000  1300.000 -5976.995  -2250.000  1300.000  5466.292      0.000     0.000  1377.422   1500.000     0.000 -2148.522  -1500.000     0.000  5129.184  -3000.000     0.000  9196.306  -2250.000 -1300.000  9211.807 
   12   25.0  -144.662   -79.235    59.321  -160.377   750.000  1300.000  4697.071   -750.000  1300.000   759.979   2250.000  1300.000  8858.518      0.000     0.000  1136.710   1500.000     0.000  5308.203  -1500.000     0.000 -2826.195   3000.000     0.000  9788.459  -3000.000     0.000 -6489.343    750.000 -1300.000  2214.817   -750.000 -1300.000 -2012.772  -2250.000 -1300.000 -6000.853  -3750.000 -1300.000 -9682.663 
   12   25.0   589.214  -501.812    58.996   119.905     0.000  2600.000 -8012.296    750.000  1300.000 -3971.427   -750.000  1300.000 -6093.564      0.000     0.000 -2049.837   1500.000     0.000   193.492  -1500.000     0.000 -3583.051    750.000 -1300.000  2311.811   -750.000 -1300.000   568.535   2250.000 -1300.000  4566.641      0.000 -2600.000  5023.842   1500.000 -2600.000  6779.902   3000.000 -2600.000  9200.707 
   12   25.0   -62.787    -0.309    55.363    71.230     0.000  2600.000 -6331.374   1500.000  2600.000 -7476.318    750.000  1300.000 -3840.678   -750.000  1300.000 -2547.782      0.000     0.000    55.173   1500.000     0.000  -814.959  -1500.000     0.000  1585.331    750.000 -1300.000  3072.907   -750.000 -1300.000  4198.288  -2250.000 -1300.000  5932.948      0.000 -2600.000  7302.794  -1500.000 -2600.000  8619.416 
   12   25.0  -768.199 -1229.640    57.419    13.230     0.000     0.000 -2437.202   1500.000     0.000 -6361.280  -1500.000     0.000  1768.735  -3000.000     0.000  6172.404    750.000 -1300.000 -3687.634   -750.000 -1300.000   268.282   2250.000 -1300.000 -7451.028  -2250.000 -1300.000  4497.192  -3750.000 -1300.000  8936.811      0.000 -2600.000  -512.746  -1500.000 -2600.000  3535.649  -3000.000 -2600.000  7751.332 
   12   25.0  -735.231  1248.746    57.842   123.342 -2250.000  3900.000 -8498.720      0.000  2600.000 -2107.121  -1500.000  2600.000 -4702.348  -3000.000  2600.000 -6624.187    750.000  1300.000  2051.230   -750.000  1300.000  -620.748  -2250.000  1300.000 -2646.764      0.000     0.000  3729.785   1500.000     0.000  6430.404  -1500.000     0.000  1651.846    750.000 -1300.000  8261.493   -750.000 -1300.000  6000.514 
   12   25.0     1.648  1237.347    53.972    93.309   750.000  3900.000 -6528.370   -750.000  3900.000 -6797.711      0.000  2600.000 -3546.587   1500.000  2600.000 -2951.548  -1500.000  2600.000 -3366.839    750.000  1300.000    80.756   -750.000  1300.000  -222.539      0.000     0.000  3451.897   1500.000     0.000  4021.007  -1500.000     0.000  3597.799    750.000 -1300.000  7393.720   -750.000 -1300.000  7223.293 
   12   25.0    21.509   196.898    55.815  -116.731     0.000  2600.000  5727.807   1500.000  2600.000  7666.154    750.000  1300.000  3210.838   -750.000  1300.000  1457.809   2250.000  1300.000  5622.109      0.000     0.000  -985.210   1500.000     0.000  1310.599  -1500.000     0.000 -2632.573    750.000 -1300.000 -2803.093   -750.000 -1300.000 -4947.614  -2250.000 -1300.000 -6363.645  -1500.000 -2600.000 -8668.462 
   12   25.0  -102.117  -967.160    59.169   100.988   750.000  1300.000 -5324.575   -750.000  1300.000 -6378.367      0.000     0.000 -2504.657   1500.000     0.000 -1246.987  -1500.000     0.000 -3074.377    750.000 -1300.000  1633.061   -750.000 -1300.000   795.242      0.000 -2600.000  4867.187   1500.000 -2600.000  6022.688  -1500.000 -2600.000  4457.721    750.000 -3900.000  9231.393   -750.000 -3900.000  8570.467 
   12   25.0    65.167 -1015.253    56.704    36.622   750.000  1300.000 -4859.997   2250.000  1300.000 -8232.815      0.000     0.000 -1444.229   1500.000     0.000 -4791.429  -1500.000     0.000  2355.254   3000.000     0.000 -7660.634    750.000 -1300.000 -1019.396   -750.000 -1300.000  2278.302   2250.000 -1300.000 -3921.424  -2250.000 -1300.000  6036.672      0.000 -2600.000  3043.855  -1500.000 -2600.000  6320.137 
   12   25.0   995.757   629.464    54.458  -155.312  1500.000  2600.000  3979.842   3000.000  2600.000  7727.999    750.000  1300.000   232.754   -750.000  1300.000 -3151.059   2250.000  1300.000  3918.843   3750.000  1300.000  7996.873      0.000     0.000 -3098.611   1500.000     0.000   624.274  -1500.000     0.000 -6498.154   3000.000     0.000  4671.069    750.000 -1300.000 -2314.922   -750.000 -1300.000 -6052.877 
   12   25.0    25.114   130.906    58.550    46.722     0.000  2600.000 -4217.377   1500.000  2600.000 -7302.164    750.000  1300.000 -3459.734   -750.000  1300.000  -356.268   2250.000  1300.000 -6137.973      0.000     0.000   680.731   1500.000     0.000 -1908.765  -1500.000     0.000  3778.851    750.000 -1300.000  2278.565   -750.000 -1300.000  4930.880  -2250.000 -1300.000  8080.718  -1500.000 -2600.000  9484.359 
   12   25.0   -59.204  1091.672    58.998  -177.842     0.000  2600.000   838.220   1500.000  2600.000  5182.869  -1500.000  2600.000 -3343.449    750.000  1300.000  2432.731   -750.000  1300.000 -1814.354   2250.000  1300.000  6931.307  -2250.000  1300.000 -5959.709      0.000     0.000   253.947   1500.000     0.000  4666.515  -1500.000     0.000 -3905.594   3000.000     0.000  9262.903  -3000.000     0.000 -7923.853 
   12   25.0   120.557 -1322.730    57.018  -100.527   750.000  1300.000  7867.659   -750.000  1300.000  7233.108      0.000     0.000  3604.763   1500.000     0.000  4600.581  -1500.000     0.000  3294.788    750.000 -1300.000   366.714   -750.000 -1300.000  -343.750      0.000 -2600.000 -3564.964   1500.000 -2600.000 -2403.783  -1500.000 -2600.000 -3970.085    750.000 -3900.000 -6352.878   -750.000 -3900.000 -7227.062 
