   11   25.0   -30.806    -5.913    52.860    -4.743   750.000  1300.000 -1746.138   -750.000  1300.000  2124.951  -2250.000  1300.000  6297.518      0.000     0.000  -509.841   1500.000     0.000 -4273.435  -1500.000     0.000  3629.600  -3000.000     0.000  7908.240    750.000 -1300.000 -2470.097   -750.000 -1300.000  1497.571   2250.000 -1300.000 -6113.409  -2250.000 -1300.000  5788.969 
   11   25.0   -65.041  -325.357    55.718  -126.702   750.000  1300.000  5325.984   -750.000  1300.000  3111.555   2250.000  1300.000  8060.035      0.000     0.000  1034.805   1500.000     0.000  3671.659  -1500.000     0.000 -1078.784    750.000 -1300.000  -463.978   -750.000 -1300.000 -3095.845  -2250.000 -1300.000 -5081.478      0.000 -2600.000 -4319.085  -1500.000 -2600.000 -6867.201 
   11   25.0   846.464   -86.710    55.839   -19.193   750.000  1300.000  1904.444   -750.000  1300.000  5803.967   2250.000  1300.000 -1732.980      0.000     0.000  2375.220   1500.000     0.000 -1510.439  -1500.000     0.000  6634.889   3000.000     0.000 -5096.116    750.000 -1300.000  -529.498   -750.000 -1300.000  3644.256   2250.000 -1300.000 -4497.843   3750.000 -1300.000 -8123.106 
   11   25.0   495.413 -1257.680    59.864   -59.851  -750.000  1300.000  8217.139      0.000     0.000  3642.942   1500.000     0.000  1790.866  -1500.000     0.000  6044.232    750.000 -1300.000  -713.230   -750.000 -1300.000  1504.040   2250.000 -1300.000 -2478.538      0.000 -2600.000 -2717.448   1500.000 -2600.000 -4953.023    750.000 -3900.000 -6852.869   2250.000 -3900.000 -8976.687 
   11   25.0  -321.672   351.068    53.509   114.218     0.000  2600.000 -4479.222  -1500.000  2600.000 -6234.793    750.000  1300.000  -554.007   -750.000  1300.000 -2532.072  -2250.000  1300.000 -3839.164      0.000     0.000  1430.353   1500.000     0.000  3559.248  -1500.000     0.000   -69.270    750.000 -1300.000  5653.266   -750.000 -1300.000  4012.483      0.000 -2600.000  8365.587 
   11   25.0   469.977   463.372    56.041  -116.457     0.000  2600.000  5202.397   1500.000  2600.000  6764.959    750.000  1300.000  2439.385   -750.000  1300.000   943.883   2250.000  1300.000  4508.951      0.000     0.000 -1727.584   1500.000     0.000   211.878  -1500.000     0.000 -3041.147    750.000 -1300.000 -3830.830   -750.000 -1300.000 -5643.140      0.000 -2600.000 -7653.093 
   11   25.0  -940.137   113.583    56.516    -6.844   750.000  1300.000 -3816.145   -750.000  1300.000   104.670  -2250.000  1300.000  4307.575  -3750.000  1300.000  8752.662      0.000     0.000 -2480.681   1500.000     0.000 -6415.175  -1500.000     0.000  1614.390  -3000.000     0.000  5956.518    750.000 -1300.000 -4605.553   -750.000 -1300.000  -482.181  -2250.000 -1300.000  3735.602 
   11   25.0  -686.735   -65.879    59.912   177.966   750.000  1300.000  4534.131   -750.000  1300.000   172.386  -2250.000  1300.000 -4106.372      0.000     0.000  2074.959   1500.000     0.000  6610.206  -1500.000     0.000 -2193.331  -3000.000     0.000 -6401.437    750.000 -1300.000  4682.107   -750.000 -1300.000   269.452   2250.000 -1300.000  9252.973  -2250.000 -1300.000 -3920.507 
   11   25.0  -661.009   874.946    56.057    33.015     0.000  2600.000 -3748.519   1500.000  2600.000 -7138.959    750.000  1300.000 -3732.074   -750.000  1300.000  -382.024   2250.000  1300.000 -6747.092  -2250.000  1300.000  3424.791      0.000     0.000    -9.975  -1500.000     0.000  3406.093  -3000.000     0.000  7158.481   -750.000 -1300.000  4061.453  -2250.000 -1300.000  7457.823 
   11   25.0  -742.635 -1267.120    52.014  -173.442     0.000     0.000  2371.779   1500.000     0.000  6556.457  -1500.000     0.000 -1477.287  -3000.000     0.000 -5032.012    750.000 -1300.000  3945.335   -750.000 -1300.000  -152.970   2250.000 -1300.000  8260.616  -2250.000 -1300.000 -3914.319  -3750.000 -1300.000 -7457.281      0.000 -2600.000  1831.228  -1500.000 -2600.000 -2111.047 
   11   25.0    -5.691   868.978    55.553   156.497     0.000  2600.000 -1683.598  -1500.000  2600.000 -5543.910    750.000  1300.000  1233.676   -750.000  1300.000 -2621.339   2250.000  1300.000  5407.688  -2250.000  1300.000 -6121.808      0.000     0.000   756.387   1500.000     0.000  4598.788  -1500.000     0.000 -2716.934   3000.000     0.000  8761.477    750.000 -1300.000  4578.280 
   11   25.0   847.695  -329.839    51.840  -100.780  1500.000  2600.000  8221.980    750.000  1300.000  4121.879   -750.000  1300.000  3850.737   2250.000  1300.000  5107.645      0.000     0.000   358.241   1500.000     0.000  1097.634    750.000 -1300.000 -2696.564   -750.000 -1300.000 -3060.417   2250.000 -1300.000 -1546.860      0.000 -2600.000 -6091.103   1500.000 -2600.000 -5192.429 
   11   25.0    -1.432   -12.382    59.752  -137.562  1500.000  2600.000  8970.167    750.000  1300.000  4464.972   -750.000  1300.000  1520.429   2250.000  1300.000  7803.940      0.000     0.000   198.184   1500.000     0.000  3573.590  -1500.000     0.000 -2772.971    750.000 -1300.000  -402.124   -750.000 -1300.000 -3815.448  -2250.000 -1300.000 -6806.540  -1500.000 -2600.000 -7600.249 
   11   25.0  -169.900    82.711    58.196    66.774     0.000  2600.000 -6326.603   1500.000  2600.000 -7851.368    750.000  1300.000 -3970.845   -750.000  1300.000 -2233.968      0.000     0.000   185.920   1500.000     0.000 -1049.705  -1500.000     0.000  2010.545    750.000 -1300.000  3110.501   -750.000 -1300.000  4420.583  -2250.000 -1300.000  6433.562  -1500.000 -2600.000  8909.722 
   11   25.0  -655.212 -1004.190    52.632  -139.642   750.000  1300.000  7002.369   -750.000  1300.000  4083.221      0.000     0.000  2865.398   1500.000     0.000  6155.107  -1500.000     0.000     9.969    750.000 -1300.000  2371.987   -750.000 -1300.000  -888.061  -2250.000 -1300.000 -3731.049      0.000 -2600.000 -1164.860  -1500.000 -2600.000 -4427.752  -3000.000 -2600.000 -7165.302 
   11   25.0 -1493.020     4.937    56.715   166.977  -750.000  1300.000  1418.679  -2250.000  1300.000 -2713.031  -3750.000  1300.000 -6643.630      0.000     0.000  4073.227   1500.000     0.000  8555.223  -1500.000     0.000  -135.358  -3000.000     0.000 -4027.812  -4500.000     0.000 -7705.626    750.000 -1300.000  7206.910   -750.000 -1300.000  2995.767  -2250.000 -1300.000  -887.661 
   11   25.0   667.971  1040.385    58.664    46.377     0.000  2600.000 -1668.940   1500.000  2600.000 -4857.262   3000.000  2600.000 -7585.325    750.000  1300.000  -901.021   -750.000  1300.000  2301.302   2250.000  1300.000 -3679.797      0.000     0.000  3254.801   1500.000     0.000   526.444  -1500.000     0.000  6527.603    750.000 -1300.000  4994.464   -750.000 -1300.000  7728.227 
   11   25.0   521.604  1143.983    56.292   169.690     0.000  2600.000 -1869.532   1500.000  2600.000  2385.732  -1500.000  2600.000 -5799.177    750.000  1300.000   484.993   -750.000  1300.000 -3545.192   2250.000  1300.000  4701.928  -2250.000  1300.000 -7310.654      0.000     0.000  -778.139   1500.000     0.000  3340.017  -1500.000     0.000 -4571.615   3000.000     0.000  7636.240 
   11   25.0  -830.906    78.949    52.372   161.750   750.000  1300.000  3575.849   -750.000  1300.000  -507.044  -2250.000  1300.000 -4260.398  -3750.000  1300.000 -7673.083      0.000     0.000  2258.013   1500.000     0.000  6328.455  -1500.000     0.000 -1497.277  -3000.000     0.000 -4982.693    750.000 -1300.000  5505.800   -750.000 -1300.000  1732.701  -2250.000 -1300.000 -1704.186 
   11   25.0   770.255  1225.519    51.217   -51.554     0.000  2600.000  4636.320   1500.000  2600.000  2454.176  -1500.000  2600.000  7445.184    750.000  1300.000   575.369   -750.000  1300.000  3289.559   2250.000  1300.000 -1512.994      0.000     0.000  -585.046   1500.000     0.000 -3165.178   3000.000     0.000 -5185.109    750.000 -1300.000 -4110.823   2250.000 -1300.000 -6640.383 
   11   25.0   -82.664   214.661    59.868    64.737     0.000  2600.000 -5578.575   1500.000  2600.000 -7412.307    750.000  1300.000 -3321.408   -750.000  1300.000 -1408.691      0.000     0.000   875.775   1500.000     0.000  -530.395  -1500.000     0.000  2946.942    750.000 -1300.000  3822.953   -750.000 -1300.000  5336.126  -2250.000 -1300.000  7559.101  -1500.000 -2600.000  9940.135 
   11   25.0   666.726  1127.123    56.262    61.435  2250.000  3900.000 -8876.750      0.000  2600.000 -2940.659   1500.000  2600.000 -5104.138    750.000  1300.000 -1093.013   -750.000  1300.000  1211.695   2250.000  1300.000 -2787.600      0.000     0.000  3143.434   1500.000     0.000  1316.538  -1500.000     0.000  5557.615    750.000 -1300.000  5625.127   -750.000 -1300.000  7530.720 
   11   25.0   810.867  -475.370    54.582   134.642   750.000  1300.000 -3374.663   -750.000  1300.000 -6186.789      0.000     0.000 -2619.170   1500.000     0.000   314.008  -1500.000     0.000 -4964.028   3000.000     0.000  3718.404    750.000 -1300.000  1423.418   -750.000 -1300.000 -1010.729   2250.000 -1300.000  4343.749   1500.000 -2600.000  5700.439   3000.000 -2600.000  8661.046 
   11   25.0   478.336  -275.853    55.943    77.708     0.000  2600.000 -7082.576   1500.000  2600.000 -8102.874    750.000  1300.000 -4508.918   -750.000  1300.000 -3208.505   2250.000  1300.000 -5037.056      0.000     0.000  -668.388   1500.000     0.000 -1444.312    750.000 -1300.000  2460.811   -750.000 -1300.000  3467.282      0.000 -2600.000  6636.113   1500.000 -2600.000  5959.143 
   11   25.0   -79.622   255.131    51.346    19.283   750.000  1300.000 -2562.714   -750.000  1300.000  1234.584   2250.000  1300.000 -5976.913  -2250.000  1300.000  5303.074      0.000     0.000   330.741   1500.000     0.000 -3155.963  -1500.000     0.000  4146.175  -3000.000     0.000  8259.645    750.000 -1300.000   213.813   -750.000 -1300.000  3678.393  -2250.000 -1300.000  7556.666 
   11   25.0  -604.025   532.244    53.775  -145.988     0.000  2600.000  4672.473   1500.000  2600.000  8031.594    750.000  1300.000  4014.163   -750.000  1300.000   653.289  -2250.000  1300.000 -2254.710      0.000     0.000   437.835   1500.000     0.000  4207.835  -1500.000     0.000 -3007.361  -3000.000     0.000 -5925.599   -750.000 -1300.000 -2900.168  -2250.000 -1300.000 -6228.317 
   11   25.0   958.613   691.603    57.148   -56.631     0.000  2600.000  6231.567   1500.000  2600.000  4255.274  -1500.000  2600.000  8904.630    750.000  1300.000  1873.955   -750.000  1300.000  4448.735   2250.000  1300.000  -105.054      0.000     0.000   111.650   1500.000     0.000 -2327.473   3000.000     0.000 -4194.569    750.000 -1300.000 -3947.423   2250.000 -1300.000 -6336.593 
   11   25.0   749.655 -1299.977    56.550  -164.614     0.000     0.000  -590.641   1500.000     0.000  3309.793   3000.000     0.000  7463.581    750.000 -1300.000   140.109   -750.000 -1300.000 -3739.469   2250.000 -1300.000  4248.390  -2250.000 -1300.000 -7393.272   3750.000 -1300.000  8707.827      0.000 -2600.000 -2596.679   1500.000 -2600.000  1546.460  -1500.000 -2600.000 -6529.265 
   11   25.0  -167.233   310.253    56.529   -73.977     0.000  2600.000  5656.120  -1500.000  2600.000  6897.400    750.000  1300.000  1519.935   -750.000  1300.000  2575.837  -2250.000  1300.000  4232.038      0.000     0.000 -1517.964   1500.000     0.000 -2275.620  -1500.000     0.000  -102.038    750.000 -1300.000 -5379.236   -750.000 -1300.000 -4123.550      0.000 -2600.000 -8005.142 
   11   25.0  1029.049  -431.089    59.991   153.535   750.000  1300.000 -2730.561   -750.000  1300.000 -6653.394      0.000     0.000 -3300.963   1500.000     0.000   619.097  -1500.000     0.000 -6863.378   3000.000     0.000  4805.717    750.000 -1300.000   317.181   -750.000 -1300.000 -3157.948   2250.000 -1300.000  4293.238   3750.000 -1300.000  8348.443   3000.000 -2600.000  8234.485 
   11   25.0  -537.878  1286.736    53.217  -120.629   750.000  3900.000  8084.609      0.000  2600.000  3647.711   1500.000  2600.000  5981.580  -1500.000  2600.000  2007.059    750.000  1300.000  1739.434   -750.000  1300.000  -457.583  -2250.000  1300.000 -1956.864      0.000     0.000 -2255.139  -1500.000     0.000 -4299.413   -750.000 -1300.000 -5948.137  -2250.000 -1300.000 -7873.741 
   11   25.0 -1137.528   159.502    54.099   -22.481   750.000  1300.000 -3032.289   -750.000  1300.000   325.648  -2250.000  1300.000  4030.011  -3750.000  1300.000  8095.937      0.000     0.000 -3016.025   1500.000     0.000 -6370.348  -1500.000     0.000   710.551  -3000.000     0.000  4763.128    750.000 -1300.000 -5888.204   -750.000 -1300.000 -2203.316  -2250.000 -1300.000  1890.686 
   11   25.0  -747.706 -1285.487    59.005   -15.130     0.000     0.000  -918.704  -1500.000     0.000  3155.096  -3000.000     0.000  7366.057    750.000 -1300.000 -4118.725   -750.000 -1300.000  -175.245   2250.000 -1300.000 -7934.213  -2250.000 -1300.000  4172.887  -3750.000 -1300.000  8671.448      0.000 -2600.000 -2901.541   1500.000 -2600.000 -6906.064  -1500.000 -2600.000  1380.353 
   11   25.0  -610.212 -1281.312    58.232    40.070   750.000  1300.000 -6497.705      0.000     0.000 -2840.646   1500.000     0.000 -6000.938  -1500.000     0.000   732.194    750.000 -1300.000 -2167.305   -750.000 -1300.000   975.987  -2250.000 -1300.000  4592.646      0.000 -2600.000  1992.126  -1500.000 -2600.000  5098.921  -3000.000 -2600.000  8691.426  -2250.000 -3900.000  9564.477 
   11   25.0  -664.794  1240.935    52.281   -61.811  -750.000  3900.000  7128.731      0.000  2600.000  2902.318  -1500.000  2600.000  4686.011    750.000  1300.000 -1130.304   -750.000  1300.000   560.758  -2250.000  1300.000  2917.232      0.000     0.000 -3292.458   1500.000     0.000 -4836.313  -1500.000     0.000 -1126.607    750.000 -1300.000 -6857.684   -750.000 -1300.000 -4863.380 
   11   25.0  -723.807  -249.448    54.037   102.419 -1500.000  2600.000 -7312.482    750.000  1300.000 -2506.828   -750.000  1300.000 -3824.900  -2250.000  1300.000 -4362.109      0.000     0.000   -12.408  -1500.000     0.000  -840.924    750.000 -1300.000  4164.590   -750.000 -1300.000  2955.400  -2250.000 -1300.000  2520.999      0.000 -2600.000  7157.188  -1500.000 -2600.000  6491.262 
   11   25.0   377.762  1059.688    58.671  -140.058     0.000  2600.000  2900.846   1500.000  2600.000  6047.362   3000.000  2600.000  9663.419    750.000  1300.000  1843.601   -750.000  1300.000 -1331.991   2250.000  1300.000  5469.863      0.000     0.000 -2118.608   1500.000     0.000  1557.426  -1500.000     0.000 -5275.578   -750.000 -1300.000 -5729.732  -2250.000 -1300.000 -8980.839 
   11   25.0  -166.803  -642.119    50.294   135.323  -750.000  1300.000 -4102.369  -2250.000  1300.000 -6684.751      0.000     0.000  -654.581   1500.000     0.000  2490.659  -1500.000     0.000 -3344.566    750.000 -1300.000  3054.032   -750.000 -1300.000   354.152   2250.000 -1300.000  6321.739  -2250.000 -1300.000 -1854.908      0.000 -2600.000  4341.521   1500.000 -2600.000  7135.707 
   11   25.0 -1253.067  -424.813    57.630    96.379 -1500.000  2600.000 -8210.884   -750.000  1300.000 -4628.959  -2250.000  1300.000 -5025.180      0.000     0.000  -699.588  -1500.000     0.000 -1436.586  -3000.000     0.000 -1305.145   -750.000 -1300.000  2433.821  -2250.000 -1300.000  2250.455      0.000 -2600.000  6683.974  -1500.000 -2600.000  6147.538   -750.000 -3900.000 10292.581 
   11   25.0    26.271  -943.885    51.674    96.662   750.000  1300.000 -5350.752   -750.000  1300.000 -5860.766      0.000     0.000 -2646.869   1500.000     0.000 -1724.663  -1500.000     0.000 -2801.002    750.000 -1300.000   955.662   -750.000 -1300.000   570.787      0.000 -2600.000  4212.870   1500.000 -2600.000  4966.331  -1500.000 -2600.000  4179.163    750.000 -3900.000  8193.329 
   11   25.0   -46.036  -500.931    59.472  -100.613     0.000  2600.000  9855.347    750.000  1300.000  6239.056   -750.000  1300.000  5672.579      0.000     0.000  2013.383   1500.000     0.000  3192.922  -1500.000     0.000  1635.202    750.000 -1300.000 -1158.489   -750.000 -1300.000 -1965.665      0.000 -2600.000 -5162.162  -1500.000 -2600.000 -5714.593   -750.000 -3900.000 -8921.124 
   11   25.0  -807.522 -1031.618    59.503  -121.286   750.000  1300.000  8009.009   -750.000  1300.000  5775.356      0.000     0.000  3468.479  -1500.000     0.000  1291.382    750.000 -1300.000  1755.148   -750.000 -1300.000  -877.573  -2250.000 -1300.000 -2938.451      0.000 -2600.000 -2505.736  -1500.000 -2600.000 -5138.123  -3000.000 -2600.000 -7053.244  -2250.000 -3900.000 -9070.355 
   11   25.0   463.509   165.165    54.517   -82.314     0.000  2600.000  6856.312   1500.000  2600.000  6544.865    750.000  1300.000  2863.288   -750.000  1300.000  3643.283      0.000     0.000  -378.726   1500.000     0.000  -830.477    750.000 -1300.000 -4064.624   -750.000 -1300.000 -3208.326   2250.000 -1300.000 -4161.775      0.000 -2600.000 -6841.468   1500.000 -2600.000 -7413.329 
   11   25.0   425.661  1270.992    55.850   131.264  -750.000  3900.000 -6709.486      0.000  2600.000 -3015.725   1500.000  2600.000   136.682  -1500.000  2600.000 -5607.116    750.000  1300.000   971.738   -750.000  1300.000 -1722.860   2250.000  1300.000  4108.697      0.000     0.000  2403.035   1500.000     0.000  5171.247    750.000 -1300.000  6877.586   2250.000 -1300.000  9613.072 
   11   25.0   563.968  -875.412    57.573   176.966     0.000     0.000 -1394.310   1500.000     0.000  2924.682  -1500.000     0.000 -5409.681   3000.000     0.000  7390.901    750.000 -1300.000   912.681   -750.000 -1300.000 -3229.472   2250.000 -1300.000  5232.680  -2250.000 -1300.000 -7110.604   3750.000 -1300.000  9786.528      0.000 -2600.000  -494.709   1500.000 -2600.000  3730.935 
   11   25.0  -183.510   489.462    51.091   137.028     0.000  2600.000 -2820.460  -1500.000  2600.000 -5749.938    750.000  1300.000   636.791   -750.000  1300.000 -2317.260  -2250.000  1300.000 -4833.420      0.000     0.000  1296.420   1500.000     0.000  4386.636  -1500.000     0.000 -1235.076    750.000 -1300.000  5370.078   -750.000 -1300.000  2779.352   2250.000 -1300.000  8508.533 
   11   25.0   199.072 -1143.275    54.694     2.116     0.000     0.000   454.797   1500.000     0.000 -3499.851  -1500.000     0.000  4714.481   3000.000     0.000 -7249.986    750.000 -1300.000 -1589.515   -750.000 -1300.000  2498.193   2250.000 -1300.000 -5451.051  -2250.000 -1300.000  6865.711      0.000 -2600.000   954.895   1500.000 -2600.000 -2992.147  -1500.000 -2600.000  5149.102 
   11   25.0   608.908  1288.801    59.019     0.176     0.000  2600.000  1523.867   1500.000  2600.000 -2696.184  -1500.000  2600.000  6018.347    750.000  1300.000  -920.993   -750.000  1300.000  3492.626   2250.000  1300.000 -5053.030  -2250.000  1300.000  8013.605   3750.000  1300.000 -8961.962      0.000     0.000  1519.360   1500.000     0.000 -2706.336  -1500.000     0.000  5978.463 
   11   25.0  -445.891  1261.168    56.396  -169.445     0.000  2600.000  1779.269   1500.000  2600.000  5995.355  -1500.000  2600.000 -2105.972    750.000  1300.000  2953.950   -750.000  1300.000 -1176.836   2250.000  1300.000  7349.235  -2250.000  1300.000 -5094.443      0.000     0.000   484.588   1500.000     0.000  4821.957  -1500.000     0.000 -3615.852  -3000.000     0.000 -7520.878 
   11   25.0   967.670   683.781    59.813    27.569  1500.000  2600.000 -3512.763   3000.000  2600.000 -7416.613    750.000  1300.000  -277.488   -750.000  1300.000  3835.314   2250.000  1300.000 -4087.259   3750.000  1300.000 -7632.501      0.000     0.000  3349.199   1500.000     0.000  -463.942  -1500.000     0.000  7462.226   3000.000     0.000 -3894.739   -750.000 -1300.000  7348.541 
   11   25.0  -746.241  1290.090    59.119   -54.249 -2250.000  3900.000  9266.741      0.000  2600.000  2414.791  -1500.000  2600.000  4666.348  -3000.000  2600.000  7505.266    750.000  1300.000 -1908.978   -750.000  1300.000   290.078  -2250.000  1300.000  3073.638      0.000     0.000 -3833.763   1500.000     0.000 -6010.497  -1500.000     0.000 -1149.641    750.000 -1300.000 -7837.544 
   11   25.0    -0.028  -868.890    56.453   -84.335   750.000  1300.000  6506.419   -750.000  1300.000  6817.052      0.000     0.000  2793.540   1500.000     0.000  2769.996  -1500.000     0.000  3486.759    750.000 -1300.000  -996.857   -750.000 -1300.000  -657.591      0.000 -2600.000 -4367.236   1500.000 -2600.000 -4428.018  -1500.000 -2600.000 -3500.487    750.000 -3900.000 -7806.053 
   11   25.0  1052.778    64.899    55.676   -16.835   750.000  1300.000  1464.786   -750.000  1300.000  5471.361   2250.000  1300.000 -2261.232  -2250.000  1300.000  9797.575      0.000     0.000  2238.268   1500.000     0.000 -1730.306  -1500.000     0.000  6508.475   3000.000     0.000 -5441.283    750.000 -1300.000  -483.144   2250.000 -1300.000 -4409.113   3750.000 -1300.000 -8115.988 
   11   25.0   742.598  -782.013    55.517   -56.593   750.000  1300.000  5060.937   -750.000  1300.000  7364.772      0.000     0.000  2975.907   1500.000     0.000   718.029  -1500.000     0.000  5744.320    750.000 -1300.000 -1227.319   -750.000 -1300.000  1508.791   2250.000 -1300.000 -3327.007      0.000 -2600.000 -2479.059   1500.000 -2600.000 -5129.876   3000.000 -2600.000 -7143.093 
   11   25.0  -509.361    57.697    57.969   -31.776   750.000  1300.000 -1019.192   -750.000  1300.000  2234.586  -2250.000  1300.000  5833.258  -3750.000  1300.000  9852.454      0.000     0.000 -1637.731   1500.000     0.000 -4969.641  -1500.000     0.000  1985.920  -3000.000     0.000  6002.965    750.000 -1300.000 -5225.589   -750.000 -1300.000 -1546.250   2250.000 -1300.000 -8522.608 
   11   25.0   -96.349    26.507    47.543  -168.649   750.000  1300.000  3335.720   -750.000  1300.000  -277.177   2250.000  1300.000  7343.106  -2250.000  1300.000 -3532.116      0.000     0.000   620.537   1500.000     0.000  4576.397  -1500.000     0.000 -2857.874  -3000.000     0.000 -6006.909    750.000 -1300.000  2272.938   -750.000 -1300.000 -1430.810  -2250.000 -1300.000 -4826.624 
   11   25.0   838.018 -1139.901    58.513     3.853     0.000     0.000  2685.054   1500.000     0.000 -1607.989  -1500.000     0.000  7155.636   3000.000     0.000 -5724.274    750.000 -1300.000   546.976   -750.000 -1300.000  4966.968   2250.000 -1300.000 -3554.321  -2250.000 -1300.000  9532.618   3750.000 -1300.000 -7517.768      0.000 -2600.000  3426.983   1500.000 -2600.000  -857.054 
   11   25.0  -544.030  1242.857    54.794     7.889     0.000  2600.000 -1320.610   1500.000  2600.000 -5253.978  -1500.000  2600.000  2859.960    750.000  1300.000 -3160.542   -750.000  1300.000   810.901   2250.000  1300.000 -6786.815  -2250.000  1300.000  5085.592      0.000     0.000  -480.463   1500.000     0.000 -4255.900  -1500.000     0.000  3542.857  -3000.000     0.000  7917.821 
   11   25.0    85.964    44.534    59.187   115.389     0.000  2600.000 -6296.619  -1500.000  2600.000 -8083.329    750.000  1300.000 -2182.940   -750.000  1300.000 -4108.371      0.000     0.000    22.866   1500.000     0.000  2145.106  -1500.000     0.000 -1363.916    750.000 -1300.000  4459.770   -750.000 -1300.000  2871.342   2250.000 -1300.000  6603.021   1500.000 -2600.000  9037.407 
   11   25.0   828.066  -147.487    59.345  -156.622   750.000  1300.000  2265.884   2250.000  1300.000  6197.940   3750.000  1300.000 10393.595      0.000     0.000 -1441.505   1500.000     0.000  2492.159  -1500.000     0.000 -5149.127   3000.000     0.000  6653.869    750.000 -1300.000  -840.477   -750.000 -1300.000 -4757.616   2250.000 -1300.000  3426.813  -2250.000 -1300.000 -8472.489 
   11   25.0 -1396.160    -8.534    56.832    43.750     0.000  2600.000 -6872.729    750.000  1300.000 -6110.697   -750.000  1300.000 -3210.000  -2250.000  1300.000   146.760      0.000     0.000 -2253.974  -1500.000     0.000   596.841  -3000.000     0.000  4027.266   -750.000 -1300.000  1866.264  -2250.000 -1300.000  4802.123  -3750.000 -1300.000  8111.494  -3000.000 -2600.000  9177.342 
   11   25.0   384.072  1282.388    59.681  -117.375   750.000  3900.000  7812.676   2250.000  3900.000  9892.964      0.000  2600.000  3257.660   1500.000  2600.000  5283.898    750.000  1300.000   766.536   -750.000  1300.000 -1119.254   2250.000  1300.000  3317.909      0.000     0.000 -3533.680   1500.000     0.000 -1080.326  -1500.000     0.000 -5228.325   -750.000 -1300.000 -7518.998 
   11   25.0  1498.856    -0.993    57.877  -106.499  1500.000  2600.000  7532.780   3000.000  2600.000  8853.589    750.000  1300.000  3217.003   2250.000  1300.000  4369.215      0.000     0.000  -809.176   1500.000     0.000   141.264   3000.000     0.000  1665.816    750.000 -1300.000 -3899.550   2250.000 -1300.000 -2506.099      0.000 -2600.000 -7688.965   1500.000 -2600.000 -6539.645 
   11   25.0 -1497.107    -1.959    56.310  -130.992     0.000  2600.000  8623.721    750.000  1300.000  7132.834   -750.000  1300.000  4155.927  -2250.000  1300.000  1687.366      0.000     0.000  2946.580  -1500.000     0.000   -61.384  -3000.000     0.000 -2485.201   -750.000 -1300.000 -1118.601  -2250.000 -1300.000 -4007.687  -3750.000 -1300.000 -6448.187  -3000.000 -2600.000 -7720.617 
   11   25.0   796.448   926.624    57.554    47.404     0.000  2600.000 -1104.756   1500.000  2600.000 -4350.065   3000.000  2600.000 -7083.888    750.000  1300.000  -482.968   -750.000  1300.000  2818.681   2250.000  1300.000 -3188.805      0.000     0.000  3747.324   1500.000     0.000   980.527  -1500.000     0.000  6982.684    750.000 -1300.000  5344.421   -750.000 -1300.000  8145.593 
   11   25.0  1206.532  -332.989    57.806    72.162  1500.000  2600.000 -7819.412    750.000  1300.000 -3922.102   2250.000  1300.000 -5193.157      0.000     0.000   271.608   1500.000     0.000 -1259.461   3000.000     0.000 -2041.680    750.000 -1300.000  2974.097   -750.000 -1300.000  4655.025   2250.000 -1300.000  1956.260      0.000 -2600.000  7301.456   1500.000 -2600.000  6156.328 
   11   25.0  1233.575  -152.513    53.105   -11.053   750.000  1300.000  2346.248   -750.000  1300.000  6457.881   2250.000  1300.000 -1380.438      0.000     0.000  3394.476   1500.000     0.000  -618.273  -1500.000     0.000  7612.295   3000.000     0.000 -4321.059    750.000 -1300.000   826.422   -750.000 -1300.000  5049.792   2250.000 -1300.000 -3107.880   3750.000 -1300.000 -6724.143 
   11   25.0   568.683 -1246.260    52.814  -169.434     0.000     0.000  -310.682   1500.000     0.000  3623.478  -1500.000     0.000 -3926.942   3000.000     0.000  7816.646    750.000 -1300.000   800.494   -750.000 -1300.000 -3048.111   2250.000 -1300.000  4876.835  -2250.000 -1300.000 -6573.348      0.000 -2600.000 -1480.445   1500.000 -2600.000  2630.130  -1500.000 -2600.000 -5248.857 
   11   25.0  -605.198  1183.289    59.425   129.745 -2250.000  3900.000 -9196.223      0.000  2600.000 -2438.221  -1500.000  2600.000 -5295.656  -3000.000  2600.000 -7689.855    750.000  1300.000  1661.984   -750.000  1300.000 -1231.096  -2250.000  1300.000 -3612.228      0.000     0.000  3066.044   1500.000     0.000  6036.300  -1500.000     0.000   687.672    750.000 -1300.000  7591.620 
   11   25.0    41.946   176.268    59.340     8.294   750.000  1300.000 -2089.794   -750.000  1300.000  2245.605   2250.000  1300.000 -6191.498  -2250.000  1300.000  6770.827      0.000     0.000   476.242   1500.000     0.000 -3713.837  -1500.000     0.000  4812.897   3000.000     0.000 -7596.963  -3000.000     0.000  9337.647    750.000 -1300.000  -628.084   -750.000 -1300.000  3505.152 
   11   25.0   551.124 -1037.846    54.733  -170.182     0.000     0.000 -1044.907   1500.000     0.000  2928.989  -1500.000     0.000 -4785.083   3000.000     0.000  7217.846    750.000 -1300.000   294.088   -750.000 -1300.000 -3666.557   2250.000 -1300.000  4470.678  -2250.000 -1300.000 -7340.839      0.000 -2600.000 -1889.473   1500.000 -2600.000  2223.546  -1500.000 -2600.000 -5769.019 
   11   25.0  -928.835   845.999    55.414   -97.129  -750.000  3900.000  9446.397      0.000  2600.000  5923.386  -1500.000  2600.000  5363.351    750.000  1300.000  2820.570   -750.000  1300.000  1832.634  -2250.000  1300.000  1600.979      0.000     0.000 -1248.145  -1500.000     0.000 -1879.397   -750.000 -1300.000 -5027.610  -2250.000 -1300.000 -5393.395  -1500.000 -2600.000 -8506.465 
   11   25.0  -199.771  -544.330    59.970    56.092   750.000  1300.000 -5869.721   -750.000  1300.000 -3149.838   2250.000  1300.000 -7996.876      0.000     0.000 -1706.860   1500.000     0.000 -3899.825  -1500.000     0.000   984.897    750.000 -1300.000   340.271   -750.000 -1300.000  2585.431  -2250.000 -1300.000  5451.375      0.000 -2600.000  4796.233  -1500.000 -2600.000  7147.649 
   11   25.0 -1070.791  -588.418    56.674   149.586  -750.000  1300.000 -1546.712  -2250.000  1300.000 -5384.610  -3750.000  1300.000 -8733.002      0.000     0.000  1705.666  -1500.000     0.000 -2078.993  -3000.000     0.000 -5439.663    750.000 -1300.000  5349.859   -750.000 -1300.000  1591.953  -2250.000 -1300.000 -1816.205      0.000 -2600.000  5556.104   1500.000 -2600.000  9288.336 
   11   25.0  -515.468 -1219.933    59.638  -117.129   750.000  1300.000  8060.719      0.000     0.000  3531.140   1500.000     0.000  5807.525  -1500.000     0.000  1905.881    750.000 -1300.000  1296.850   -750.000 -1300.000  -846.225  -2250.000 -1300.000 -2320.749      0.000 -2600.000 -2964.911  -1500.000 -2600.000 -4976.568   -750.000 -3900.000 -7099.428  -2250.000 -3900.000 -8941.986 
   11   25.0 -1022.928  -150.654    50.020  -167.490   750.000  1300.000  5675.705   -750.000  1300.000  1842.225  -2250.000  1300.000 -1660.495      0.000     0.000  2643.815   1500.000     0.000  6772.352  -1500.000     0.000 -1071.945  -3000.000     0.000 -4534.745    750.000 -1300.000  4174.449   -750.000 -1300.000   164.910  -2250.000 -1300.000 -3500.536  -3750.000 -1300.000 -6867.906 
   11   25.0  -755.625  1138.085    54.241    47.366     0.000  2600.000 -4101.477   1500.000  2600.000 -6674.033  -1500.000  2600.000 -1142.838    750.000  1300.000 -2972.624   -750.000  1300.000  -406.848  -2250.000  1300.000  2697.371      0.000     0.000   993.975  -1500.000     0.000  3635.005  -3000.000     0.000  6813.593   -750.000 -1300.000  5263.161  -2250.000 -1300.000  8005.052 
   11   25.0  -256.785   -30.947    58.204    58.915     0.000  2600.000 -6615.078   1500.000  2600.000 -8784.994    750.000  1300.000 -4874.261   -750.000  1300.000 -2601.828      0.000     0.000  -734.082   1500.000     0.000 -2452.788  -1500.000     0.000  1535.096    750.000 -1300.000  1762.824   -750.000 -1300.000  3609.796  -2250.000 -1300.000  6036.849  -1500.000 -2600.000  8086.622 
   11   25.0   728.458  1296.416    58.091  -168.847     0.000  2600.000  -470.775   1500.000  2600.000  3611.202   3000.000  2600.000  7943.351    750.000  1300.000   568.869   -750.000  1300.000 -3505.740   2250.000  1300.000  4879.923  -2250.000  1300.000 -7362.722   3750.000  1300.000  9431.764      0.000     0.000 -2020.527   1500.000     0.000  2249.592  -1500.000     0.000 -6059.613 
   11   25.0  -107.106   -23.219    58.320    61.357     0.000  2600.000 -6453.109   1500.000  2600.000 -8528.205    750.000  1300.000 -4631.808   -750.000  1300.000 -2516.609      0.000     0.000  -500.892   1500.000     0.000 -2127.239  -1500.000     0.000  1762.311    750.000 -1300.000  2091.837   -750.000 -1300.000  3825.870  -2250.000 -1300.000  6163.104  -1500.000 -2600.000  8351.672 
   11   25.0  -808.768   753.421    57.970   143.520 -1500.000  2600.000 -4239.616  -3000.000  2600.000 -7586.585    750.000  1300.000  3124.821   -750.000  1300.000  -595.365  -2250.000  1300.000 -3931.792  -3750.000  1300.000 -6880.916      0.000     0.000  3285.534   1500.000     0.000  7024.589  -1500.000     0.000    18.693    750.000 -1300.000  7495.073   -750.000 -1300.000  4260.084 
   11   25.0   223.560  -224.836    58.279   -78.677     0.000  2600.000  8528.962    750.000  1300.000  4212.586   -750.000  1300.000  5121.114      0.000     0.000   893.397   1500.000     0.000   325.819  -1500.000     0.000  2204.274    750.000 -1300.000 -3100.075   -750.000 -1300.000 -1966.452   2250.000 -1300.000 -3455.355      0.000 -2600.000 -5996.465   1500.000 -2600.000 -6843.883 
   11   25.0   542.424   675.531    58.533   -89.810   750.000  3900.000 10171.447      0.000  2600.000  6162.987   1500.000  2600.000  6299.761    750.000  1300.000  2291.140   -750.000  1300.000  2590.418   2250.000  1300.000  2788.903      0.000     0.000 -1354.428   1500.000     0.000 -1275.795    750.000 -1300.000 -5006.422   -750.000 -1300.000 -4719.917      0.000 -2600.000 -8323.966 
   11   25.0   -69.547   132.913    53.412   -70.014     0.000  2600.000  5901.385  -1500.000  2600.000  7309.243    750.000  1300.000  1761.365   -750.000  1300.000  2989.293  -2250.000  1300.000  4880.687      0.000     0.000 -1042.479   1500.000     0.000 -2077.968  -1500.000     0.000   638.237    750.000 -1300.000 -4821.560   -750.000 -1300.000 -3294.420      0.000 -2600.000 -7044.892 
   11   25.0   -25.560   -27.748    57.263   -55.463 -1500.000  2600.000  9028.553    750.000  1300.000  2358.418   -750.000  1300.000  4435.999  -2250.000  1300.000  7096.158      0.000     0.000   106.642   1500.000     0.000 -1896.697  -1500.000     0.000  2733.271    750.000 -1300.000 -3965.619   -750.000 -1300.000 -1431.262      0.000 -2600.000 -5400.069   1500.000 -2600.000 -7838.449 
   11   25.0   904.524   685.185    59.473   -39.538     0.000  2600.000  5365.857  -1500.000  2600.000  8774.768    750.000  1300.000  1073.937   -750.000  1300.000  4465.734   2250.000  1300.000 -1880.724      0.000     0.000   465.880   1500.000     0.000 -2968.283   3000.000     0.000 -5994.307    750.000 -1300.000 -3228.714   2250.000 -1300.000 -6772.717   3750.000 -1300.000 -9771.753 
   11   25.0  -285.730 -1151.824    54.135   174.628     0.000     0.000   531.710   1500.000     0.000  4773.573  -1500.000     0.000 -3427.589  -3000.000     0.000 -7156.014    750.000 -1300.000  2736.629   -750.000 -1300.000 -1289.465   2250.000 -1300.000  7071.165  -2250.000 -1300.000 -5104.682      0.000 -2600.000  1422.448   1500.000 -2600.000  5574.990  -1500.000 -2600.000 -2473.170 
   11   25.0 -1187.900   282.126    53.425  -114.607     0.000  2600.000  7161.143  -1500.000  2600.000  5668.179    750.000  1300.000  4804.876   -750.000  1300.000  2799.572  -2250.000  1300.000  1498.282      0.000     0.000   629.952  -1500.000     0.000 -1149.067  -3000.000     0.000 -2369.902   -750.000 -1300.000 -3278.948  -2250.000 -1300.000 -4937.325  -1500.000 -2600.000 -6980.903 
   11   25.0   151.789   478.790    58.279   165.000 -1500.000  2600.000 -5195.169    750.000  1300.000  1479.948   -750.000  1300.000 -2645.827   2250.000  1300.000  5831.610  -2250.000  1300.000 -6620.194      0.000     0.000   283.018   1500.000     0.000  4434.762  -1500.000     0.000 -3622.780   3000.000     0.000  8878.868    750.000 -1300.000  3704.654   2250.000 -1300.000  7880.939 
   11   25.0    59.592  -287.818    59.556     4.857   750.000  1300.000 -1852.666   -750.000  1300.000  2503.066      0.000     0.000   132.526   1500.000     0.000 -4079.150  -1500.000     0.000  4533.573   3000.000     0.000 -8123.309  -3000.000     0.000  9136.734    750.000 -1300.000 -1542.126   -750.000 -1300.000  2678.707   2250.000 -1300.000 -5635.119  -2250.000 -1300.000  7188.239 
   11   25.0  -673.622 -1147.177    56.552   152.586 -2250.000  1300.000 -6380.100      0.000     0.000   486.904  -1500.000     0.000 -3363.822  -3000.000     0.000 -6796.502    750.000 -1300.000  3899.949   -750.000 -1300.000    71.776   2250.000 -1300.000  7977.835  -2250.000 -1300.000 -3425.247      0.000 -2600.000  3851.438   1500.000 -2600.000  7641.693  -1500.000 -2600.000   441.636 
   11   25.0  -108.860   108.538    58.311  -117.350     0.000  2600.000  6597.959   1500.000  2600.000  8690.368    750.000  1300.000  4048.638   -750.000  1300.000  2185.643      0.000     0.000  -277.720   1500.000     0.000  2150.933  -1500.000     0.000 -2024.134    750.000 -1300.000 -2136.321   -750.000 -1300.000 -4425.095  -2250.000 -1300.000 -6030.267  -1500.000 -2600.000 -8338.935 
   11   25.0   464.960  -994.542    55.714   -75.166   750.000  1300.000  6213.927   -750.000  1300.000  7232.644      0.000     0.000  2937.268   1500.000     0.000  2096.509  -1500.000     0.000  4404.508    750.000 -1300.000 -1097.343   -750.000 -1300.000   140.308   2250.000 -1300.000 -1603.519      0.000 -2600.000 -3835.764   1500.000 -2600.000 -4820.897    750.000 -3900.000 -7554.425 
   11   25.0   526.762  -138.126    58.834   -23.113   750.000  1300.000  2004.004   -750.000  1300.000  5885.503  -2250.000  1300.000 10009.298      0.000     0.000  2187.195   1500.000     0.000 -1755.910  -1500.000     0.000  6355.562   3000.000     0.000 -5342.761    750.000 -1300.000 -1118.955   -750.000 -1300.000  3123.190   2250.000 -1300.000 -5025.411   3750.000 -1300.000 -8691.344 
   11   25.0  1460.139     8.353    59.199   171.057   750.000  1300.000 -1864.506   -750.000  1300.000 -5918.977   2250.000  1300.000  2520.924      0.000     0.000 -3483.788   1500.000     0.000   651.306  -1500.000     0.000 -7488.070   3000.000     0.000  5047.623   4500.000     0.000  9650.540    750.000 -1300.000  -548.944   2250.000 -1300.000  3682.952   3750.000 -1300.000  8108.866 
   11   25.0   -50.873   417.948    56.977    17.076  1500.000  2600.000 -4968.850    750.000  1300.000 -2405.287   -750.000  1300.000  1674.567   2250.000  1300.000 -6221.316  -2250.000  1300.000  6073.879      0.000     0.000   642.254   1500.000     0.000 -3239.457  -1500.000     0.000  4700.479  -3000.000     0.000  9105.760   -750.000 -1300.000  4082.566  -2250.000 -1300.000  8205.459 
   11   25.0   275.219    67.878    58.449   -13.172   750.000  1300.000   -65.079   -750.000  1300.000  4030.629   2250.000  1300.000 -3959.056  -2250.000  1300.000  8344.740      0.000     0.000   928.166   1500.000     0.000 -3202.717  -1500.000     0.000  5255.671   3000.000     0.000 -7050.062    750.000 -1300.000 -1721.528   -750.000 -1300.000  2600.930   2250.000 -1300.000 -5785.547 
   11   25.0   800.251  1218.463    56.958   -14.991     0.000  2600.000  3984.713   1500.000  2600.000    44.471  -1500.000  2600.000  8184.001    750.000  1300.000   639.800   -750.000  1300.000  4846.496   2250.000  1300.000 -3267.619  -2250.000  1300.000  9271.390   3750.000  1300.000 -6948.162      0.000     0.000  2017.197   1500.000     0.000 -2209.484   3000.000     0.000 -6058.237 
   11   25.0  1499.988     0.003    54.933  -173.521   750.000  1300.000 -1276.669   2250.000  1300.000  2770.270   3750.000  1300.000  7052.508      0.000     0.000 -3870.302   1500.000     0.000    77.802  -1500.000     0.000 -7609.388   3000.000     0.000  4228.765   4500.000     0.000  8654.824    750.000 -1300.000 -2113.227   -750.000 -1300.000 -5965.233   2250.000 -1300.000  1995.525 
   11   25.0   109.739   188.707    52.891   168.277   750.000  1300.000  1455.652   -750.000  1300.000 -2505.066   2250.000  1300.000  5684.216  -2250.000  1300.000 -6105.817      0.000     0.000    58.416   1500.000     0.000  4054.825  -1500.000     0.000 -3655.275   3000.000     0.000  8356.527    750.000 -1300.000  3116.645   -750.000 -1300.000  -652.561   2250.000 -1300.000  7177.888 
   11   25.0  -474.894   640.485    54.431  -132.837     0.000  2600.000  4939.590   1500.000  2600.000  7821.069    750.000  1300.000  3544.724   -750.000  1300.000   717.569  -2250.000  1300.000 -1480.879      0.000     0.000  -425.171   1500.000     0.000  2870.707  -1500.000     0.000 -3233.985  -3000.000     0.000 -5452.919   -750.000 -1300.000 -4152.768  -2250.000 -1300.000 -6781.802 
   11   25.0  -869.620  1107.838    59.655    38.328     0.000  2600.000 -4750.224   1500.000  2600.000 -8002.942  -1500.000  2600.000 -1105.619    750.000  1300.000 -4138.184   -750.000  1300.000  -904.066  -2250.000  1300.000  2609.125      0.000     0.000   -57.466  -1500.000     0.000  3124.002  -3000.000     0.000  6638.986  -2250.000 -1300.000  7497.433  -3750.000 -1300.000 11030.855 
   11   25.0  -655.933 -1261.356    47.190    -6.411     0.000     0.000  -580.402   1500.000     0.000 -3960.146  -1500.000     0.000  3003.234  -3000.000     0.000  7145.037    750.000 -1300.000 -2908.936   -750.000 -1300.000   615.470   2250.000 -1300.000 -6124.010  -2250.000 -1300.000  4482.620      0.000 -2600.000 -1162.902   1500.000 -2600.000 -4596.721  -1500.000 -2600.000  2564.471 
   11   25.0     0.225    17.773    57.478  -103.344     0.000  2600.000  6951.443   1500.000  2600.000  8070.295    750.000  1300.000  3686.985   -750.000  1300.000  2788.965      0.000     0.000  -486.330   1500.000     0.000   860.508  -1500.000     0.000 -1077.479    750.000 -1300.000 -3348.281   -750.000 -1300.000 -4409.906      0.000 -2600.000 -7201.758  -1500.000 -2600.000 -8024.616 
   11   25.0  -675.777  1210.780    53.633   -68.043  -750.000  3900.000  7763.869      0.000  2600.000  3530.226  -1500.000  2600.000  4995.201    750.000  1300.000  -487.889   -750.000  1300.000   790.636  -2250.000  1300.000  2707.486      0.000     0.000 -3112.633   1500.000     0.000 -4157.156  -1500.000     0.000 -1379.054    750.000 -1300.000 -6755.287   -750.000 -1300.000 -5229.591 
   11   25.0 -1498.790     0.515    56.387   105.631 -1500.000  2600.000 -6513.646  -3000.000  2600.000 -7457.469   -750.000  1300.000 -2628.971  -2250.000  1300.000 -3844.071      0.000     0.000  1486.324  -1500.000     0.000     6.617  -3000.000     0.000  -659.959   -750.000 -1300.000  4175.848  -2250.000 -1300.000  3242.774      0.000 -2600.000  8677.892  -1500.000 -2600.000  7411.086 
   11   25.0  1482.534     0.815    55.922   -71.799     0.000  2600.000  8541.793   1500.000  2600.000  7231.172    750.000  1300.000  4128.351   2250.000  1300.000  3096.783      0.000     0.000  1574.346   1500.000     0.000   -64.059   3000.000     0.000  -949.190    750.000 -1300.000 -2563.971   2250.000 -1300.000 -3938.957   1500.000 -2600.000 -6451.932   3000.000 -2600.000 -7600.073 
   11   25.0  -645.768  1041.972    56.762   176.077     0.000  2600.000  1759.787  -1500.000  2600.000 -2339.094    750.000  1300.000  3728.129   -750.000  1300.000  -523.502   2250.000  1300.000  8226.262  -2250.000  1300.000 -4571.183  -3750.000  1300.000 -8410.922      0.000     0.000  1905.707   1500.000     0.000  6256.401  -1500.000     0.000 -2268.805  -3000.000     0.000 -6136.834 
   11   25.0    12.940  -261.621    56.712   -46.937   750.000  1300.000  2230.191   -750.000  1300.000  4820.027  -2250.000  1300.000  7865.749      0.000     0.000   502.823   1500.000     0.000 -1996.773  -1500.000     0.000  3518.728    750.000 -1300.000 -3474.579   -750.000 -1300.000  -510.618   2250.000 -1300.000 -5960.767      0.000 -2600.000 -4301.713   1500.000 -2600.000 -7222.237 
   11   25.0  -222.011   -16.127    54.513   123.238 -1500.000  2600.000 -7102.382    750.000  1300.000  -758.641   -750.000  1300.000 -3361.417  -2250.000  1300.000 -5384.910      0.000     0.000   561.295   1500.000     0.000  3283.712  -1500.000     0.000 -1497.072    750.000 -1300.000  4803.765   -750.000 -1300.000  2564.828      0.000 -2600.000  6936.009   1500.000 -2600.000  9280.499 
   11   25.0   192.285   192.061    54.374  -115.407     0.000  2600.000  5868.471   1500.000  2600.000  7472.313    750.000  1300.000  3139.573   -750.000  1300.000  1631.478   2250.000  1300.000  5190.442      0.000     0.000  -962.104   1500.000     0.000   941.110  -1500.000     0.000 -2282.769    750.000 -1300.000 -3052.827   -750.000 -1300.000 -4845.431      0.000 -2600.000 -6822.948 
   11   25.0   -28.411   -10.654    59.817   -42.721 -1500.000  2600.000  8478.235    750.000  1300.000  1122.729   -750.000  1300.000  3962.197  -2250.000  1300.000  7231.327      0.000     0.000  -273.890   1500.000     0.000 -3198.367  -1500.000     0.000  2997.525    750.000 -1300.000 -4310.061   -750.000 -1300.000  -988.308   2250.000 -1300.000 -7257.444   1500.000 -2600.000 -8063.247 
   11   25.0  1393.341    40.248    58.563  -122.691  1500.000  2600.000  6833.521   3000.000  2600.000  9168.567    750.000  1300.000  2356.198   2250.000  1300.000  4530.738      0.000     0.000 -1898.931   1500.000     0.000   177.230   3000.000     0.000  2908.603    750.000 -1300.000 -3946.020   -750.000 -1300.000 -6045.550   2250.000 -1300.000 -1353.030      0.000 -2600.000 -7938.172 
   11   25.0  -516.076 -1048.544    55.243    71.814   750.000  1300.000 -6542.136   -750.000  1300.000 -5272.777      0.000     0.000 -2925.523   1500.000     0.000 -3734.172  -1500.000     0.000 -1331.676    750.000 -1300.000    30.465   -750.000 -1300.000  1100.271  -2250.000 -1300.000  2855.115      0.000 -2600.000  3999.407  -1500.000 -2600.000  5320.828   -750.000 -3900.000  8324.118 
   11   25.0 -1114.167  -238.661    58.012  -140.116   750.000  1300.000  6697.796   -750.000  1300.000  3442.680      0.000     0.000  2544.678   1500.000     0.000  6202.624  -1500.000     0.000  -775.956  -3000.000     0.000 -3634.102   -750.000 -1300.000 -1366.520  -2250.000 -1300.000 -4643.699  -3750.000 -1300.000 -7529.403  -1500.000 -2600.000 -4959.316  -3000.000 -2600.000 -8262.494 
   11   25.0   613.030  1100.814    59.719  -144.236     0.000  2600.000  2023.596   1500.000  2600.000  5273.821   3000.000  2600.000  8862.082    750.000  1300.000  1052.337   -750.000  1300.000 -2209.179   2250.000  1300.000  4751.739      0.000     0.000 -2767.052   1500.000     0.000   945.390  -1500.000     0.000 -6148.312   -750.000 -1300.000 -6361.989  -2250.000 -1300.000 -9794.866 
   11   25.0  1465.065   -46.344    56.205    11.566   750.000  1300.000  1233.226   2250.000  1300.000 -2893.205   3750.000  1300.000 -6760.467      0.000     0.000  3740.030   1500.000     0.000  -521.240  -1500.000     0.000  8116.815   3000.000     0.000 -4434.519   4500.000     0.000 -8136.699    750.000 -1300.000  2414.106   -750.000 -1300.000  6669.364   2250.000 -1300.000 -1549.758 
   11   25.0  -310.386  -397.517    59.642  -145.618   750.000  1300.000  5946.368   -750.000  1300.000  2599.837   2250.000  1300.000  9699.661      0.000     0.000  1882.980   1500.000     0.000  5639.901  -1500.000     0.000 -1542.319    750.000 -1300.000  1844.839   -750.000 -1300.000 -2013.302  -2250.000 -1300.000 -5465.384  -1500.000 -2600.000 -5569.749  -3000.000 -2600.000 -9023.988 
   11   25.0  -204.195   -17.675    55.835   -85.410     0.000  2600.000  7617.967  -1500.000  2600.000  8102.657    750.000  1300.000  3817.975   -750.000  1300.000  3935.580      0.000     0.000    76.247   1500.000     0.000   292.691  -1500.000     0.000   628.219    750.000 -1300.000 -3413.953   -750.000 -1300.000 -3199.626      0.000 -2600.000 -6678.926  -1500.000 -2600.000 -6139.587 
   11   25.0  -416.289 -1276.246    58.887    20.771     0.000     0.000 -1756.500   1500.000     0.000 -5704.788  -1500.000     0.000  2498.639   3000.000     0.000 -9360.629    750.000 -1300.000 -2579.394   -750.000 -1300.000  1359.228   2250.000 -1300.000 -6254.600  -2250.000 -1300.000  5623.614      0.000 -2600.000   955.944  -1500.000 -2600.000  4875.322  -3000.000 -2600.000  9071.053 
   11   25.0  -479.957  -616.053    53.699  -133.538   750.000  1300.000  6479.947   -750.000  1300.000  3817.875      0.000     0.000  2286.127   1500.000     0.000  5433.243  -1500.000     0.000  -367.571    750.000 -1300.000  1495.996   -750.000 -1300.000 -1675.453  -2250.000 -1300.000 -4192.907      0.000 -2600.000 -2245.635  -1500.000 -2600.000 -5249.487  -3000.000 -2600.000 -7798.092 
   11   25.0  -619.147 -1266.991    58.921    24.755     0.000     0.000 -2304.191   1500.000     0.000 -6160.927  -1500.000     0.000  1783.411   3000.000     0.000 -9729.503    750.000 -1300.000 -2784.241   -750.000 -1300.000  1046.361   2250.000 -1300.000 -6237.542  -2250.000 -1300.000  5094.519      0.000 -2600.000   941.576  -1500.000 -2600.000  4754.840  -3000.000 -2600.000  8782.738 
   11   25.0  -702.879   683.549    56.003    33.637     0.000  2600.000 -3999.240   1500.000  2600.000 -7405.638    750.000  1300.000 -3984.197   -750.000  1300.000  -611.101   2250.000  1300.000 -6996.450  -2250.000  1300.000  3115.517      0.000     0.000  -292.592  -1500.000     0.000  3082.875  -3000.000     0.000  6825.104   -750.000 -1300.000  3778.536  -2250.000 -1300.000  7129.214 
   11   25.0  -463.932  1235.554    52.490  -171.030     0.000  2600.000  1754.032   1500.000  2600.000  5837.886  -1500.000  2600.000 -1939.880    750.000  1300.000  2929.161   -750.000  1300.000 -1024.178   2250.000  1300.000  7193.681  -2250.000  1300.000 -4739.282      0.000     0.000   615.690   1500.000     0.000  4770.748  -1500.000     0.000 -3357.751  -3000.000     0.000 -6936.472 
   11   25.0   700.401 -1272.706    47.780   -72.402   750.000  1300.000  6414.736   -750.000  1300.000  7577.762      0.000     0.000  3483.256   1500.000     0.000  2548.269  -1500.000     0.000  5096.912    750.000 -1300.000  -269.600   -750.000 -1300.000  1066.365   2250.000 -1300.000  -918.612      0.000 -2600.000 -2546.772   1500.000 -2600.000 -3633.462    750.000 -3900.000 -5876.066 
   11   25.0  -240.769   533.332    57.004  -153.936  1500.000  2600.000  7261.316    750.000  1300.000  3439.375   -750.000  1300.000  -310.931   2250.000  1300.000  7500.759  -2250.000  1300.000 -3684.781      0.000     0.000   -86.779   1500.000     0.000  3984.796  -1500.000     0.000 -3804.083  -3000.000     0.000 -7243.397   -750.000 -1300.000 -3171.252  -2250.000 -1300.000 -6955.836 
   11   25.0 -1216.705   276.290    53.388    84.703     0.000  2600.000 -5947.950  -1500.000  2600.000 -5677.876    750.000  1300.000 -2633.113   -750.000  1300.000 -2689.903  -2250.000  1300.000 -2101.404      0.000     0.000   703.542  -1500.000     0.000   914.642  -3000.000     0.000  1857.580   -750.000 -1300.000  4340.920  -2250.000 -1300.000  4886.366  -1500.000 -2600.000  8352.002 
   11   25.0   544.994     5.060    53.430   157.691   750.000  1300.000  -873.935   -750.000  1300.000 -4655.145   2250.000  1300.000  3195.843  -2250.000  1300.000 -7982.529      0.000     0.000 -1664.214   1500.000     0.000  2081.247  -1500.000     0.000 -4997.262   3000.000     0.000  6169.929    750.000 -1300.000  1726.964   -750.000 -1300.000 -1728.051   2250.000 -1300.000  5469.559 
   11   25.0  -376.958   262.132    59.704   139.130 -1500.000  2600.000 -5862.154  -3000.000  2600.000 -9090.835    750.000  1300.000  1536.564   -750.000  1300.000 -2134.435  -2250.000  1300.000 -5327.709      0.000     0.000  1904.103   1500.000     0.000  5487.521  -1500.000     0.000 -1254.748    750.000 -1300.000  6109.423   -750.000 -1300.000  2957.073   2250.000 -1300.000  9711.902 
   11   25.0  -266.954 -1259.503    57.275    20.643     0.000     0.000 -1266.968   1500.000     0.000 -5289.800  -1500.000     0.000  2873.956   3000.000     0.000 -8875.973    750.000 -1300.000 -2185.428   -750.000 -1300.000  1708.754   2250.000 -1300.000 -5776.970  -2250.000 -1300.000  5902.606      0.000 -2600.000  1338.126  -1500.000 -2600.000  5185.827  -3000.000 -2600.000  9373.795 
   11   25.0  -313.028  -285.089    58.324    78.708     0.000  2600.000 -7750.997    750.000  1300.000 -4714.178   -750.000  1300.000 -3965.059      0.000     0.000  -894.604   1500.000     0.000 -1164.763  -1500.000     0.000    83.973    750.000 -1300.000  2555.567   -750.000 -1300.000  3185.953  -2250.000 -1300.000  4415.007      0.000 -2600.000  6682.930  -1500.000 -2600.000  7473.055 
   11   25.0  1106.567  -537.926    48.918   -20.650   750.000  1300.000  3089.323   -750.000  1300.000  6696.316      0.000     0.000  3298.995   1500.000     0.000  -239.378  -1500.000     0.000  7247.475   3000.000     0.000 -3426.057    750.000 -1300.000   366.268   -750.000 -1300.000  4212.489   2250.000 -1300.000 -3102.323   3750.000 -1300.000 -6199.572   1500.000 -2600.000 -2049.511 
   11   25.0  1431.306    17.969    50.020  -176.069   750.000  1300.000  -747.250   -750.000  1300.000 -4299.947   2250.000  1300.000  3030.266   3750.000  1300.000  7238.996      0.000     0.000 -3088.470   1500.000     0.000   644.193  -1500.000     0.000 -6517.639   3000.000     0.000  4705.855    750.000 -1300.000 -1137.575   -750.000 -1300.000 -4774.768   2250.000 -1300.000  2755.293 
   11   25.0   658.785  -784.435    53.524   -47.190   750.000  1300.000  4466.581   -750.000  1300.000  7128.701      0.000     0.000  2820.827   1500.000     0.000   247.231  -1500.000     0.000  5986.703    750.000 -1300.000 -1090.915   -750.000 -1300.000  2014.933   2250.000 -1300.000 -3651.185      0.000 -2600.000 -1660.889   1500.000 -2600.000 -4775.560   3000.000 -2600.000 -7252.991 
   11   25.0   124.832  -439.936    58.089   133.611   750.000  1300.000 -1814.394   -750.000  1300.000 -5029.416  -2250.000  1300.000 -7793.470      0.000     0.000 -1116.660   1500.000     0.000  2126.341  -1500.000     0.000 -3865.087    750.000 -1300.000  3062.653   -750.000 -1300.000   218.103   2250.000 -1300.000  6306.952      0.000 -2600.000  4641.048   1500.000 -2600.000  7432.294 
   11   25.0   696.815  -170.294    52.504    79.531  1500.000  2600.000 -6931.466    750.000  1300.000 -3596.812   -750.000  1300.000 -2435.870   2250.000  1300.000 -3995.267      0.000     0.000   117.463   1500.000     0.000  -546.885    750.000 -1300.000  3166.492   -750.000 -1300.000  4125.498   2250.000 -1300.000  2881.372      0.000 -2600.000  7203.035   1500.000 -2600.000  6625.490 
   11   25.0  -776.384 -1235.380    54.026   172.592     0.000     0.000  2157.987   1500.000     0.000  6515.065  -1500.000     0.000 -1959.289  -3000.000     0.000 -5695.081    750.000 -1300.000  4523.442   -750.000 -1300.000   300.121   2250.000 -1300.000  8934.459  -2250.000 -1300.000 -3528.741  -3750.000 -1300.000 -7094.483      0.000 -2600.000  3204.748  -1500.000 -2600.000  -752.088 
   11   25.0    -3.839   -11.814    59.149  -105.883     0.000  2600.000  7963.027   1500.000  2600.000  9281.330    750.000  1300.000  4707.009   -750.000  1300.000  3672.420      0.000     0.000   505.283   1500.000     0.000  1893.251  -1500.000     0.000  -395.115    750.000 -1300.000 -2314.936   -750.000 -1300.000 -3651.243      0.000 -2600.000 -6392.910  -1500.000 -2600.000 -7488.262 
   11   25.0   391.497   771.138    57.777   160.565     0.000  2600.000 -2357.205  -1500.000  2600.000 -6356.342    750.000  1300.000   392.278   -750.000  1300.000 -3593.911   2250.000  1300.000  4647.558  -2250.000  1300.000 -7299.790      0.000     0.000  -334.312   1500.000     0.000  3639.088  -1500.000     0.000 -4027.937   3000.000     0.000  7856.446   2250.000 -1300.000  7329.181 
   11   25.0  -788.701  -429.579    57.744   -17.187  -750.000  1300.000  2014.298  -2250.000  1300.000  6012.152      0.000     0.000 -1474.516   1500.000     0.000 -5227.050  -1500.000     0.000  2519.047  -3000.000     0.000  6754.530    750.000 -1300.000 -4559.461   -750.000 -1300.000  -587.931   2250.000 -1300.000 -8255.026  -2250.000 -1300.000  3687.940      0.000 -2600.000 -3171.920 
   11   25.0  -142.158 -1265.364    59.736    15.759     0.000     0.000  -929.059   1500.000     0.000 -5068.307  -1500.000     0.000  3471.915   3000.000     0.000 -8997.591    750.000 -1300.000 -2194.956   -750.000 -1300.000  1945.437   2250.000 -1300.000 -6077.283  -2250.000 -1300.000  6283.604      0.000 -2600.000  1127.081  -1500.000 -2600.000  5253.342  -3000.000 -2600.000  9598.169 
   11   25.0   203.941   -49.221    56.808  -117.124  1500.000  2600.000  8588.705    750.000  1300.000  4074.600   -750.000  1300.000  2556.953   2250.000  1300.000  6292.558      0.000     0.000  -200.574   1500.000     0.000  1856.726  -1500.000     0.000 -1581.724    750.000 -1300.000 -2300.263   -750.000 -1300.000 -4255.379      0.000 -2600.000 -6225.688  -1500.000 -2600.000 -8034.243 
   11   25.0   972.238  -125.770    59.135  -159.963   750.000  1300.000  1745.776   2250.000  1300.000  5721.709   3750.000  1300.000  9973.177      0.000     0.000 -1853.892   1500.000     0.000  2140.357  -1500.000     0.000 -5548.715   3000.000     0.000  6382.254    750.000 -1300.000 -1014.919   -750.000 -1300.000 -5062.249   2250.000 -1300.000  3288.858  -2250.000 -1300.000 -8775.306 
   11   25.0   641.227 -1276.956    54.994    58.300   750.000  1300.000 -5825.427   2250.000  1300.000 -7938.849      0.000     0.000 -1969.948   1500.000     0.000 -4202.306    750.000 -1300.000  -235.643   -750.000 -1300.000  2095.528   2250.000 -1300.000 -1953.898      0.000 -2600.000  3930.215   1500.000 -2600.000  2145.463  -1500.000 -2600.000  6403.275   -750.000 -3900.000  8432.930 
   11   25.0 -1496.161    -4.534    56.434   -11.684  -750.000  1300.000  -671.227  -2250.000  1300.000  3291.904  -3750.000  1300.000  7503.650      0.000     0.000 -3763.124   1500.000     0.000 -7445.393  -1500.000     0.000   203.029  -3000.000     0.000  4421.484  -4500.000     0.000  8866.906    750.000 -1300.000 -6239.310   -750.000 -1300.000 -2331.380  -2250.000 -1300.000  1885.574 
   11   25.0   164.344   470.469    51.454    51.241     0.000  2600.000 -3454.868   1500.000  2600.000 -5979.428    750.000  1300.000 -2425.189   -750.000  1300.000   170.255   2250.000  1300.000 -4428.011      0.000     0.000  1461.458   1500.000     0.000  -703.312  -1500.000     0.000  4104.731    750.000 -1300.000  3391.164   -750.000 -1300.000  5534.136  -2250.000 -1300.000  8345.472 
   11   25.0   401.443  1235.167    56.542    23.588     0.000  2600.000  -783.627   1500.000  2600.000 -4644.302   3000.000  2600.000 -8316.459    750.000  1300.000 -1539.863   -750.000  1300.000  2265.580   2250.000  1300.000 -5146.206  -2250.000  1300.000  6457.566      0.000     0.000  1966.949   1500.000     0.000 -1644.391  -1500.000     0.000  5815.475  -3000.000     0.000  9996.938 
   11   25.0  -840.055 -1243.684    56.068  -168.537     0.000     0.000  3123.160   1500.000     0.000  7386.513  -1500.000     0.000  -891.279  -3000.000     0.000 -4635.768    750.000 -1300.000  4396.798   -750.000 -1300.000   170.554  -2250.000 -1300.000 -3765.112  -3750.000 -1300.000 -7480.942      0.000 -2600.000  1965.005  -1500.000 -2600.000 -2241.368  -3000.000 -2600.000 -6098.656 
   11   25.0   380.820  1358.290    54.653   -69.695   750.000  3900.000  6912.933   -750.000  3900.000  8179.082      0.000  2600.000  3803.767   1500.000  2600.000  2851.814  -1500.000  2600.000  5513.548    750.000  1300.000  -298.875   -750.000  1300.000  1228.200   2250.000  1300.000 -1129.993      0.000     0.000 -2735.886   1500.000     0.000 -4090.328    750.000 -1300.000 -6563.355 
   11   25.0 -1288.982  -115.619    53.306   -70.010 -1500.000  2600.000  7528.262   -750.000  1300.000  3318.296  -2250.000  1300.000  4699.210      0.000     0.000  -640.306  -1500.000     0.000   584.474  -3000.000     0.000  2432.658    750.000 -1300.000 -4276.823   -750.000 -1300.000 -3347.023  -2250.000 -1300.000 -1652.527      0.000 -2600.000 -6916.104  -1500.000 -2600.000 -5418.721 
   11   25.0   474.462  -179.728    56.559   -24.934   750.000  1300.000  2140.081   -750.000  1300.000  5810.922  -2250.000  1300.000  9906.049      0.000     0.000  2125.269   1500.000     0.000 -1633.118  -1500.000     0.000  6161.232   3000.000     0.000 -4996.498    750.000 -1300.000 -1154.953   -750.000 -1300.000  2836.551   2250.000 -1300.000 -4895.415   3750.000 -1300.000 -8317.960 
   11   25.0  -348.854 -1336.286    59.741   111.933  -750.000  1300.000 -7039.876  -2250.000  1300.000 -8356.880      0.000     0.000 -2965.246  -1500.000     0.000 -4507.123    750.000 -1300.000  1371.945   -750.000 -1300.000  -356.773      0.000 -2600.000  3979.646   1500.000 -2600.000  5811.148  -1500.000 -2600.000  2764.389    750.000 -3900.000  8468.718   -750.000 -3900.000  7133.027 
   11   25.0  -152.263  -679.731    59.556    81.817     0.000  2600.000 -9465.352    750.000  1300.000 -6314.374   -750.000  1300.000 -5603.841      0.000     0.000 -2574.813   1500.000     0.000 -2767.783  -1500.000     0.000 -1568.058    750.000 -1300.000   984.268   -750.000 -1300.000  1507.035      0.000 -2600.000  5008.529  -1500.000 -2600.000  5788.252   -750.000 -3900.000  9229.635 
   11   25.0   124.864  1167.678    56.024     5.746     0.000  2600.000   202.368   1500.000  2600.000 -3835.117  -1500.000  2600.000  4542.879    750.000  1300.000 -1835.194   -750.000  1300.000  2252.338   2250.000  1300.000 -5805.744  -2250.000  1300.000  6718.331      0.000     0.000   708.233   1500.000     0.000 -3303.648  -1500.000     0.000  4900.851  -3000.000     0.000  9382.387 
   11   25.0  -697.587 -1295.336    59.051   -16.457     0.000     0.000   -77.314  -1500.000     0.000  3978.437  -3000.000     0.000  8225.385    750.000 -1300.000 -3387.253   -750.000 -1300.000   614.322   2250.000 -1300.000 -7238.893  -2250.000 -1300.000  4880.063  -3750.000 -1300.000  9435.541      0.000 -2600.000 -2238.287   1500.000 -2600.000 -6291.061  -1500.000 -2600.000  2037.936 
   11   25.0  -137.325  1190.461    57.124  -178.142     0.000  2600.000   781.711   1500.000  2600.000  5055.546  -1500.000  2600.000 -3299.596    750.000  1300.000  2423.288   -750.000  1300.000 -1808.581   2250.000  1300.000  6817.688  -2250.000  1300.000 -5797.190      0.000     0.000   293.502   1500.000     0.000  4662.458  -1500.000     0.000 -3781.224  -3000.000     0.000 -7602.302 
   11   25.0   699.939   667.550    57.233  -152.784  1500.000  2600.000  4867.340   3000.000  2600.000  8638.169    750.000  1300.000   935.711   -750.000  1300.000 -2558.515   2250.000  1300.000  4705.385   3750.000  1300.000  8900.207      0.000     0.000 -2570.615   1500.000     0.000  1241.296  -1500.000     0.000 -6087.354    750.000 -1300.000 -1920.289   -750.000 -1300.000 -5772.391 
